5.000000000000000000e+07 2.174353999999999870e-03 3.232889999999999874e-04
5.150000000000000000e+07 2.220927000000000144e-03 2.366980000000000028e-04
5.300000000000000000e+07 2.265164000000000066e-03 1.949599999999999901e-04
5.450000000000000000e+07 2.301163000000000167e-03 1.432679999999999978e-04
5.600000000000000000e+07 2.331764000000000059e-03 1.176590000000000063e-04
5.750000000000000000e+07 2.374662000000000040e-03 6.498099999999999330e-05
5.900000000000000000e+07 2.409802999999999858e-03 2.127900000000000074e-05
6.050000000000000000e+07 2.451542000000000131e-03 -3.965799999999999875e-05
6.200000000000000000e+07 2.486177000000000005e-03 -9.187999999999999444e-05
6.350000000000000000e+07 2.516920000000000181e-03 -1.642090000000000129e-04
6.500000000000000000e+07 2.579923999999999933e-03 -2.067939999999999991e-04
6.650000000000000000e+07 2.610776999999999889e-03 -2.908060000000000072e-04
6.800000000000000000e+07 2.626683999999999790e-03 -3.394599999999999788e-04
6.950000000000000000e+07 2.661833000000000168e-03 -4.088459999999999816e-04
7.100000000000000000e+07 2.708748999999999879e-03 -4.702710000000000245e-04
7.250000000000000000e+07 2.737185000000000052e-03 -5.220030000000000503e-04
7.400000000000000000e+07 2.756494999999999865e-03 -6.098679999999999553e-04
7.550000000000000000e+07 2.767177999999999912e-03 -6.707030000000000327e-04
7.700000000000000000e+07 2.784234999999999922e-03 -7.441820000000000249e-04
7.850000000000000000e+07 2.820251000000000181e-03 -8.298840000000000253e-04
8.000000000000000000e+07 2.818681999999999872e-03 -8.974439999999999544e-04
8.150000000000000000e+07 2.827637000000000032e-03 -9.659939999999999673e-04
8.300000000000000000e+07 2.854716000000000198e-03 -1.043799999999999893e-03
8.450000000000000000e+07 2.852218000000000114e-03 -1.131494999999999940e-03
8.600000000000000000e+07 2.883436999999999979e-03 -1.199662999999999901e-03
8.750000000000000000e+07 2.869744999999999935e-03 -1.282453000000000022e-03
8.900000000000000000e+07 2.870179999999999954e-03 -1.348208000000000045e-03
9.050000000000000000e+07 2.883600999999999959e-03 -1.447066000000000107e-03
9.200000000000000000e+07 2.866009000000000091e-03 -1.523852999999999926e-03
9.350000000000000000e+07 2.829162999999999990e-03 -1.602354999999999969e-03
9.500000000000000000e+07 2.843410000000000208e-03 -1.704999999999999918e-03
9.650000000000000000e+07 2.830930000000000165e-03 -1.766554000000000041e-03
9.800000000000000000e+07 2.830678000000000100e-03 -1.869336999999999995e-03
9.950000000000000000e+07 2.809139999999999901e-03 -1.934610000000000019e-03
1.010000000000000000e+08 2.807918999999999866e-03 -2.014160999999999990e-03
1.025000000000000000e+08 2.756545000000000002e-03 -2.085421999999999970e-03
1.040000000000000000e+08 2.743144999999999785e-03 -2.191756999999999907e-03
1.055000000000000000e+08 2.698480999999999970e-03 -2.258529000000000005e-03
1.070000000000000000e+08 2.669406999999999943e-03 -2.344222999999999880e-03
1.085000000000000000e+08 2.637855000000000148e-03 -2.436785999999999813e-03
1.100000000000000000e+08 2.613123000000000182e-03 -2.535883999999999968e-03
1.115000000000000000e+08 2.554878999999999917e-03 -2.597106999999999975e-03
1.130000000000000000e+08 2.504500000000000216e-03 -2.690183999999999978e-03
1.145000000000000000e+08 2.473304999999999861e-03 -2.754557999999999833e-03
1.160000000000000000e+08 2.411794999999999998e-03 -2.841493999999999964e-03
1.175000000000000000e+08 2.374429999999999857e-03 -2.908908999999999887e-03
1.190000000000000000e+08 2.300361999999999806e-03 -2.984675999999999909e-03
1.205000000000000000e+08 2.257583000000000072e-03 -3.056252000000000187e-03
1.220000000000000000e+08 2.184870000000000215e-03 -3.125395999999999903e-03
1.235000000000000000e+08 2.139695000000000052e-03 -3.189225999999999867e-03
1.250000000000000000e+08 2.081209000000000097e-03 -3.265690999999999820e-03
1.265000000000000000e+08 1.994094999999999982e-03 -3.319251000000000059e-03
1.280000000000000000e+08 1.945647000000000001e-03 -3.397645999999999826e-03
1.295000000000000000e+08 1.873859000000000071e-03 -3.454944000000000157e-03
1.310000000000000000e+08 1.794484000000000053e-03 -3.519842999999999930e-03
1.325000000000000000e+08 1.724519000000000095e-03 -3.557447000000000040e-03
1.340000000000000000e+08 1.634651999999999893e-03 -3.624988999999999902e-03
1.355000000000000000e+08 1.552687000000000078e-03 -3.658724999999999825e-03
1.370000000000000000e+08 1.478392000000000031e-03 -3.728871999999999829e-03
1.385000000000000000e+08 1.394320000000000108e-03 -3.747059999999999974e-03
1.400000000000000000e+08 1.307079000000000053e-03 -3.810586999999999828e-03
1.415000000000000000e+08 1.222975000000000060e-03 -3.860449000000000172e-03
1.430000000000000000e+08 1.129987000000000049e-03 -3.886379000000000136e-03
1.445000000000000000e+08 1.035927999999999979e-03 -3.939134000000000385e-03
1.460000000000000000e+08 9.463790000000000136e-04 -3.985648999999999963e-03
1.475000000000000000e+08 8.572309999999999652e-04 -3.993003000000000177e-03
1.490000000000000000e+08 7.840199999999999643e-04 -4.038377000000000112e-03
1.505000000000000000e+08 6.910990000000000319e-04 -4.049487000000000052e-03
1.520000000000000000e+08 5.729420000000000042e-04 -4.080402999999999808e-03
1.535000000000000000e+08 4.988189999999999551e-04 -4.102334000000000015e-03
1.550000000000000000e+08 3.918090000000000158e-04 -4.135955000000000187e-03
1.565000000000000000e+08 2.907440000000000068e-04 -4.133946999999999795e-03
1.580000000000000000e+08 2.018669999999999970e-04 -4.134005999999999965e-03
1.595000000000000000e+08 1.049760000000000059e-04 -4.157290999999999591e-03
1.610000000000000000e+08 9.758999999999999229e-06 -4.143339000000000223e-03
1.625000000000000000e+08 -7.794600000000000215e-05 -4.146139000000000074e-03
1.640000000000000000e+08 -2.076609999999999893e-04 -4.150779999999999748e-03
1.655000000000000000e+08 -2.795259999999999932e-04 -4.155164999999999727e-03
1.670000000000000000e+08 -3.857190000000000249e-04 -4.121134999999999729e-03
1.685000000000000000e+08 -4.906920000000000379e-04 -4.100514000000000416e-03
1.700000000000000000e+08 -6.004839999999999787e-04 -4.103123000000000187e-03
1.715000000000000000e+08 -6.695779999999999918e-04 -4.089905999999999923e-03
1.730000000000000000e+08 -7.670510000000000392e-04 -4.059606999999999799e-03
1.745000000000000000e+08 -8.863350000000000308e-04 -4.041946000000000254e-03
1.760000000000000000e+08 -9.862880000000000952e-04 -3.980268000000000347e-03
1.775000000000000000e+08 -1.076258999999999983e-03 -3.971485000000000293e-03
1.790000000000000000e+08 -1.152299000000000075e-03 -3.930539000000000255e-03
1.805000000000000000e+08 -1.272576000000000089e-03 -3.906642000000000101e-03
1.820000000000000000e+08 -1.347881999999999900e-03 -3.847845999999999819e-03
1.835000000000000000e+08 -1.397596000000000081e-03 -3.806275999999999930e-03
1.850000000000000000e+08 -1.506933000000000014e-03 -3.728255000000000197e-03
1.865000000000000000e+08 -1.571019000000000105e-03 -3.710576000000000152e-03
1.880000000000000000e+08 -1.672827999999999902e-03 -3.638634999999999873e-03
1.895000000000000000e+08 -1.762136000000000084e-03 -3.574760000000000177e-03
1.910000000000000000e+08 -1.831121999999999915e-03 -3.538495999999999916e-03
1.925000000000000000e+08 -1.906593000000000046e-03 -3.433620000000000075e-03
1.940000000000000000e+08 -1.950153999999999950e-03 -3.405707000000000005e-03
1.955000000000000000e+08 -2.069051000000000137e-03 -3.345311000000000118e-03
1.970000000000000000e+08 -2.121398000000000034e-03 -3.257054000000000112e-03
1.985000000000000000e+08 -2.176496999999999894e-03 -3.190535999999999893e-03
2.000000000000000000e+08 -2.226716000000000112e-03 -3.121009000000000110e-03
