5.000000000000000000e+07 4.411546100000000165e-02 -7.643651199999999812e-02
5.150000000000000000e+07 4.162466799999999661e-02 -7.796403699999999992e-02
5.300000000000000000e+07 3.912176900000000068e-02 -7.930566299999999846e-02
5.450000000000000000e+07 3.656689400000000256e-02 -8.060063400000000433e-02
5.600000000000000000e+07 3.395900799999999886e-02 -8.178352499999999581e-02
5.750000000000000000e+07 3.130857199999999979e-02 -8.289654500000000203e-02
5.900000000000000000e+07 2.862900399999999956e-02 -8.395858100000000435e-02
6.050000000000000000e+07 2.591753700000000091e-02 -8.487807899999999517e-02
6.200000000000000000e+07 2.316185000000000119e-02 -8.573337600000000003e-02
6.350000000000000000e+07 2.038911900000000069e-02 -8.653474499999999625e-02
6.500000000000000000e+07 1.757720100000000063e-02 -8.717629300000000192e-02
6.650000000000000000e+07 1.470489500000000081e-02 -8.775010699999999386e-02
6.800000000000000000e+07 1.185169399999999942e-02 -8.826715400000000045e-02
6.950000000000000000e+07 8.936219999999999927e-03 -8.866523900000000680e-02
7.100000000000000000e+07 5.990638999999999860e-03 -8.896562399999999315e-02
7.250000000000000000e+07 3.060357000000000095e-03 -8.921784100000000606e-02
7.400000000000000000e+07 1.206320000000000065e-04 -8.933065799999999335e-02
7.550000000000000000e+07 -2.845148999999999942e-03 -8.933982899999999561e-02
7.700000000000000000e+07 -5.812267999999999775e-03 -8.931618900000000416e-02
7.850000000000000000e+07 -8.752035000000000023e-03 -8.914580099999999674e-02
8.000000000000000000e+07 -1.170918599999999990e-02 -8.888248999999999456e-02
8.150000000000000000e+07 -1.462210000000000072e-02 -8.852570499999999620e-02
8.300000000000000000e+07 -1.755686099999999999e-02 -8.805496899999999683e-02
8.450000000000000000e+07 -2.044367000000000059e-02 -8.748938800000000127e-02
8.600000000000000000e+07 -2.333974999999999939e-02 -8.683735099999999318e-02
8.750000000000000000e+07 -2.624526799999999868e-02 -8.604443000000000508e-02
8.900000000000000000e+07 -2.911337599999999984e-02 -8.518877599999999384e-02
9.050000000000000000e+07 -3.192744000000000137e-02 -8.422880600000000328e-02
9.200000000000000000e+07 -3.473153699999999983e-02 -8.317465999999999748e-02
9.350000000000000000e+07 -3.748904100000000073e-02 -8.200713900000000667e-02
9.500000000000000000e+07 -4.025030500000000011e-02 -8.074051799999999723e-02
9.650000000000000000e+07 -4.292368500000000309e-02 -7.938844700000000087e-02
9.800000000000000000e+07 -4.558916300000000199e-02 -7.793316899999999658e-02
9.950000000000000000e+07 -4.821512099999999967e-02 -7.638676399999999589e-02
1.010000000000000000e+08 -5.072821300000000116e-02 -7.474612399999999712e-02
1.025000000000000000e+08 -5.326326900000000197e-02 -7.304441100000000353e-02
1.040000000000000000e+08 -5.571980700000000314e-02 -7.119452199999999620e-02
1.055000000000000000e+08 -5.812198999999999838e-02 -6.929168800000000406e-02
1.070000000000000000e+08 -6.046307000000000070e-02 -6.732997200000000182e-02
1.085000000000000000e+08 -6.271229600000000071e-02 -6.521952100000000252e-02
1.100000000000000000e+08 -6.490606000000000153e-02 -6.307834299999999506e-02
1.115000000000000000e+08 -6.701181000000000498e-02 -6.083620299999999842e-02
1.130000000000000000e+08 -6.907120299999999768e-02 -5.851373800000000264e-02
1.145000000000000000e+08 -7.101708599999999316e-02 -5.615654199999999679e-02
1.160000000000000000e+08 -7.290054799999999557e-02 -5.369045499999999804e-02
1.175000000000000000e+08 -7.470609899999999803e-02 -5.112730699999999684e-02
1.190000000000000000e+08 -7.641301300000000185e-02 -4.854241299999999953e-02
1.205000000000000000e+08 -7.802476699999999488e-02 -4.589308000000000276e-02
1.220000000000000000e+08 -7.955247899999999539e-02 -4.317860600000000132e-02
1.235000000000000000e+08 -8.096869199999999489e-02 -4.039831399999999767e-02
1.250000000000000000e+08 -8.230604900000000612e-02 -3.758758999999999711e-02
1.265000000000000000e+08 -8.352768400000000482e-02 -3.469591500000000078e-02
1.280000000000000000e+08 -8.465972500000000511e-02 -3.181174700000000133e-02
1.295000000000000000e+08 -8.569117599999999391e-02 -2.882344800000000151e-02
1.310000000000000000e+08 -8.658313700000000446e-02 -2.584497800000000109e-02
1.325000000000000000e+08 -8.739271699999999476e-02 -2.281421700000000122e-02
1.340000000000000000e+08 -8.810242199999999968e-02 -1.974932100000000024e-02
1.355000000000000000e+08 -8.865205900000000527e-02 -1.662607799999999900e-02
1.370000000000000000e+08 -8.912856800000000523e-02 -1.354231099999999959e-02
1.385000000000000000e+08 -8.950975499999999641e-02 -1.046460500000000009e-02
1.400000000000000000e+08 -8.977119599999999755e-02 -7.293365999999999912e-03
1.415000000000000000e+08 -8.987747799999999676e-02 -4.165585999999999768e-03
1.430000000000000000e+08 -8.990833099999999412e-02 -1.003158999999999995e-03
1.445000000000000000e+08 -8.980107299999999515e-02 2.105838999999999975e-03
1.460000000000000000e+08 -8.959411800000000037e-02 5.245963999999999662e-03
1.475000000000000000e+08 -8.927197700000000236e-02 8.384163000000000032e-03
1.490000000000000000e+08 -8.883215399999999651e-02 1.146579900000000048e-02
1.505000000000000000e+08 -8.829995200000000100e-02 1.457945199999999969e-02
1.520000000000000000e+08 -8.762216500000000186e-02 1.760530999999999902e-02
1.535000000000000000e+08 -8.684237300000000048e-02 2.066016500000000117e-02
1.550000000000000000e+08 -8.598117500000000690e-02 2.364524999999999960e-02
1.565000000000000000e+08 -8.497622600000000193e-02 2.662919799999999976e-02
1.580000000000000000e+08 -8.387531300000000689e-02 2.954890500000000031e-02
1.595000000000000000e+08 -8.270002099999999856e-02 3.239739299999999655e-02
1.610000000000000000e+08 -8.137807900000000594e-02 3.523649200000000120e-02
1.625000000000000000e+08 -7.996303500000000175e-02 3.802624300000000124e-02
1.640000000000000000e+08 -7.848370799999999925e-02 4.077066099999999971e-02
1.655000000000000000e+08 -7.685641099999999948e-02 4.338037899999999669e-02
1.670000000000000000e+08 -7.521413999999999878e-02 4.598438700000000157e-02
1.685000000000000000e+08 -7.343473200000000256e-02 4.851367300000000021e-02
1.700000000000000000e+08 -7.153325500000000392e-02 5.098451600000000056e-02
1.715000000000000000e+08 -6.960730199999999590e-02 5.337812699999999744e-02
1.730000000000000000e+08 -6.754923599999999861e-02 5.567656800000000267e-02
1.745000000000000000e+08 -6.547172299999999556e-02 5.790923500000000335e-02
1.760000000000000000e+08 -6.329552800000000368e-02 6.005386199999999952e-02
1.775000000000000000e+08 -6.103151200000000304e-02 6.209227400000000285e-02
1.790000000000000000e+08 -5.871823400000000109e-02 6.409451300000000573e-02
1.805000000000000000e+08 -5.632344200000000134e-02 6.597776700000000660e-02
1.820000000000000000e+08 -5.390482700000000238e-02 6.775093799999999666e-02
1.835000000000000000e+08 -5.135949299999999912e-02 6.947722200000000514e-02
1.850000000000000000e+08 -4.883925199999999966e-02 7.108391799999999594e-02
1.865000000000000000e+08 -4.621203599999999800e-02 7.261323899999999609e-02
1.880000000000000000e+08 -4.355750900000000120e-02 7.401103500000000279e-02
1.895000000000000000e+08 -4.090277400000000285e-02 7.533741700000000374e-02
1.910000000000000000e+08 -3.815034700000000112e-02 7.652907800000000038e-02
1.925000000000000000e+08 -3.540115399999999718e-02 7.762017100000000169e-02
1.940000000000000000e+08 -3.259722500000000051e-02 7.864394700000000571e-02
1.955000000000000000e+08 -2.976006000000000137e-02 7.956068900000000388e-02
1.970000000000000000e+08 -2.692316399999999943e-02 8.037122300000000552e-02
1.985000000000000000e+08 -2.409218600000000154e-02 8.106789699999999987e-02
2.000000000000000000e+08 -2.123937299999999889e-02 8.164715000000000167e-02
