5.000000000000000000e+07 5.318999999999999726e-04 -2.756349999999999859e-04
5.150000000000000000e+07 4.844420000000000215e-04 -3.299859999999999946e-04
5.300000000000000000e+07 4.972299999999999810e-04 -3.497819999999999792e-04
5.450000000000000000e+07 4.727399999999999766e-04 -3.828169999999999772e-04
5.600000000000000000e+07 5.025039999999999715e-04 -3.762549999999999814e-04
5.750000000000000000e+07 4.894230000000000065e-04 -3.881150000000000203e-04
5.900000000000000000e+07 4.680970000000000009e-04 -3.841380000000000142e-04
6.050000000000000000e+07 4.858609999999999752e-04 -4.117939999999999947e-04
6.200000000000000000e+07 4.713359999999999880e-04 -4.127259999999999783e-04
6.350000000000000000e+07 4.695820000000000181e-04 -4.400480000000000125e-04
6.500000000000000000e+07 4.744659999999999937e-04 -4.378869999999999768e-04
6.650000000000000000e+07 4.745379999999999889e-04 -4.383459999999999939e-04
6.800000000000000000e+07 4.805370000000000106e-04 -4.735410000000000118e-04
6.950000000000000000e+07 4.556100000000000102e-04 -4.654179999999999949e-04
7.100000000000000000e+07 4.541260000000000088e-04 -4.723290000000000106e-04
7.250000000000000000e+07 4.745150000000000062e-04 -5.080290000000000110e-04
7.400000000000000000e+07 4.633840000000000073e-04 -5.214030000000000357e-04
7.550000000000000000e+07 4.585449999999999813e-04 -5.063609999999999856e-04
7.700000000000000000e+07 4.497689999999999826e-04 -5.262449999999999463e-04
7.850000000000000000e+07 4.340190000000000064e-04 -5.344609999999999639e-04
8.000000000000000000e+07 4.478619999999999888e-04 -5.447409999999999535e-04
8.150000000000000000e+07 4.329630000000000219e-04 -5.573320000000000097e-04
8.300000000000000000e+07 4.369649999999999880e-04 -5.684050000000000170e-04
8.450000000000000000e+07 4.406820000000000203e-04 -5.705410000000000386e-04
8.600000000000000000e+07 4.293689999999999746e-04 -5.909230000000000342e-04
8.750000000000000000e+07 4.295899999999999849e-04 -5.918670000000000441e-04
8.900000000000000000e+07 4.231109999999999949e-04 -5.984340000000000102e-04
9.050000000000000000e+07 4.086240000000000098e-04 -6.279010000000000450e-04
9.200000000000000000e+07 4.285949999999999851e-04 -6.161009999999999751e-04
9.350000000000000000e+07 4.108930000000000113e-04 -6.622369999999999819e-04
9.500000000000000000e+07 4.112470000000000014e-04 -6.372040000000000473e-04
9.650000000000000000e+07 3.979969999999999775e-04 -6.755759999999999977e-04
9.800000000000000000e+07 4.048729999999999842e-04 -6.817309999999999820e-04
9.950000000000000000e+07 3.927339999999999976e-04 -6.876210000000000221e-04
1.010000000000000000e+08 4.009689999999999891e-04 -6.726290000000000003e-04
1.025000000000000000e+08 3.800960000000000146e-04 -6.975780000000000218e-04
1.040000000000000000e+08 3.895789999999999778e-04 -7.102540000000000069e-04
1.055000000000000000e+08 3.786400000000000204e-04 -7.239149999999999969e-04
1.070000000000000000e+08 3.837320000000000184e-04 -7.416989999999999607e-04
1.085000000000000000e+08 3.598879999999999939e-04 -7.462760000000000357e-04
1.100000000000000000e+08 3.488349999999999763e-04 -7.532959999999999786e-04
1.115000000000000000e+08 3.454929999999999937e-04 -7.797420000000000436e-04
1.130000000000000000e+08 3.507990000000000001e-04 -7.888440000000000252e-04
1.145000000000000000e+08 3.661970000000000177e-04 -7.714900000000000013e-04
1.160000000000000000e+08 3.299290000000000187e-04 -7.765060000000000495e-04
1.175000000000000000e+08 3.355410000000000185e-04 -8.058499999999999908e-04
1.190000000000000000e+08 3.357270000000000198e-04 -8.148479999999999612e-04
1.205000000000000000e+08 3.454299999999999775e-04 -8.398220000000000511e-04
1.220000000000000000e+08 3.307410000000000102e-04 -8.303330000000000476e-04
1.235000000000000000e+08 3.262259999999999899e-04 -8.385769999999999639e-04
1.250000000000000000e+08 3.066289999999999944e-04 -8.572890000000000111e-04
1.265000000000000000e+08 2.892390000000000000e-04 -8.634909999999999764e-04
1.280000000000000000e+08 2.966479999999999963e-04 -8.518150000000000157e-04
1.295000000000000000e+08 2.974979999999999899e-04 -8.656469999999999877e-04
1.310000000000000000e+08 2.944849999999999833e-04 -8.591970000000000206e-04
1.325000000000000000e+08 2.989479999999999980e-04 -8.914580000000000290e-04
1.340000000000000000e+08 2.899719999999999945e-04 -9.045029999999999694e-04
1.355000000000000000e+08 2.804360000000000099e-04 -9.166340000000000468e-04
1.370000000000000000e+08 2.796000000000000200e-04 -9.492180000000000452e-04
1.385000000000000000e+08 2.737969999999999944e-04 -9.445820000000000171e-04
1.400000000000000000e+08 2.662189999999999934e-04 -9.384219999999999541e-04
1.415000000000000000e+08 2.714239999999999817e-04 -9.492780000000000142e-04
1.430000000000000000e+08 2.445699999999999979e-04 -9.494279999999999907e-04
1.445000000000000000e+08 2.447060000000000251e-04 -9.847949999999998979e-04
1.460000000000000000e+08 2.490079999999999984e-04 -9.758460000000000484e-04
1.475000000000000000e+08 2.461280000000000260e-04 -9.882859999999998955e-04
1.490000000000000000e+08 2.401120000000000077e-04 -1.005648000000000045e-03
1.505000000000000000e+08 2.362560000000000094e-04 -9.823300000000000087e-04
1.520000000000000000e+08 2.327410000000000134e-04 -1.026185999999999895e-03
1.535000000000000000e+08 2.271999999999999931e-04 -1.026304000000000018e-03
1.550000000000000000e+08 2.540640000000000259e-04 -1.038679999999999942e-03
1.565000000000000000e+08 2.071390000000000102e-04 -1.046117999999999961e-03
1.580000000000000000e+08 2.274210000000000034e-04 -1.042451000000000011e-03
1.595000000000000000e+08 2.117350000000000048e-04 -1.060626000000000060e-03
1.610000000000000000e+08 2.058739999999999876e-04 -1.080470000000000041e-03
1.625000000000000000e+08 1.860099999999999894e-04 -1.108727000000000107e-03
1.640000000000000000e+08 1.894979999999999939e-04 -1.114544999999999989e-03
1.655000000000000000e+08 1.680300000000000023e-04 -1.114027000000000073e-03
1.670000000000000000e+08 1.690919999999999999e-04 -1.136789000000000029e-03
1.685000000000000000e+08 1.732819999999999987e-04 -1.137393999999999905e-03
1.700000000000000000e+08 1.669379999999999931e-04 -1.154761999999999933e-03
1.715000000000000000e+08 1.558669999999999901e-04 -1.174027999999999921e-03
1.730000000000000000e+08 1.366050000000000109e-04 -1.184918999999999990e-03
1.745000000000000000e+08 1.380809999999999948e-04 -1.170964999999999940e-03
1.760000000000000000e+08 1.316199999999999900e-04 -1.192088000000000002e-03
1.775000000000000000e+08 1.193930000000000002e-04 -1.187284000000000039e-03
1.790000000000000000e+08 1.045809999999999936e-04 -1.238914000000000031e-03
1.805000000000000000e+08 9.062200000000000073e-05 -1.205719999999999969e-03
1.820000000000000000e+08 9.644199999999999583e-05 -1.233403000000000103e-03
1.835000000000000000e+08 9.775299999999999734e-05 -1.233221999999999964e-03
1.850000000000000000e+08 8.073799999999999846e-05 -1.236141999999999970e-03
1.865000000000000000e+08 5.448499999999999757e-05 -1.237568000000000088e-03
1.880000000000000000e+08 6.039699999999999789e-05 -1.277081999999999913e-03
1.895000000000000000e+08 5.831699999999999747e-05 -1.271676999999999920e-03
1.910000000000000000e+08 6.002899999999999735e-05 -1.289608000000000030e-03
1.925000000000000000e+08 7.111999999999999839e-06 -1.294788999999999966e-03
1.940000000000000000e+08 3.223199999999999904e-05 -1.295453999999999920e-03
1.955000000000000000e+08 4.031700000000000041e-05 -1.304002999999999976e-03
1.970000000000000000e+08 1.911600000000000129e-05 -1.320297999999999914e-03
1.985000000000000000e+08 -6.301999999999999971e-06 -1.311279000000000047e-03
2.000000000000000000e+08 1.598100000000000166e-05 -1.315175999999999932e-03
