5.000000000000000000e+07 -6.770151100000000588e-02 2.261471099999999915e-02
5.150000000000000000e+07 -5.649332299999999807e-02 4.182730199999999676e-02
5.300000000000000000e+07 -4.027170299999999897e-02 5.630290500000000031e-02
5.450000000000000000e+07 -2.102314099999999866e-02 6.499416299999999369e-02
5.600000000000000000e+07 -6.868650000000000450e-04 6.757535000000000625e-02
5.750000000000000000e+07 1.887358100000000038e-02 6.432299299999999498e-02
5.900000000000000000e+07 3.627901800000000315e-02 5.601606800000000219e-02
6.050000000000000000e+07 5.033203199999999877e-02 4.362481399999999787e-02
6.200000000000000000e+07 6.039408899999999802e-02 2.825900099999999887e-02
6.350000000000000000e+07 6.592892799999999776e-02 1.107520300000000048e-02
6.500000000000000000e+07 6.681535299999999400e-02 -6.798964000000000223e-03
6.650000000000000000e+07 6.301771100000000403e-02 -2.428517100000000123e-02
6.800000000000000000e+07 5.476097700000000235e-02 -4.026923999999999781e-02
6.950000000000000000e+07 4.235956400000000233e-02 -5.363831200000000049e-02
7.100000000000000000e+07 2.653711799999999843e-02 -6.336612899999999327e-02
7.250000000000000000e+07 8.273298000000000110e-03 -6.845638099999999671e-02
7.400000000000000000e+07 -1.111259099999999979e-02 -6.820946099999999901e-02
7.550000000000000000e+07 -2.999104299999999848e-02 -6.220607000000000220e-02
7.700000000000000000e+07 -4.657913699999999962e-02 -5.066420499999999688e-02
7.850000000000000000e+07 -5.908262699999999867e-02 -3.438513700000000312e-02
8.000000000000000000e+07 -6.605103599999999353e-02 -1.486319600000000039e-02
8.150000000000000000e+07 -6.662509499999999529e-02 5.949913999999999724e-03
8.300000000000000000e+07 -6.070323600000000069e-02 2.579261700000000032e-02
8.450000000000000000e+07 -4.917277300000000295e-02 4.261091699999999816e-02
8.600000000000000000e+07 -3.338292200000000237e-02 5.483565099999999914e-02
8.750000000000000000e+07 -1.514635299999999955e-02 6.165818099999999941e-02
8.900000000000000000e+07 3.748167000000000165e-03 6.279980300000000126e-02
9.050000000000000000e+07 2.165513100000000107e-02 5.864477900000000105e-02
9.200000000000000000e+07 3.728498100000000176e-02 4.988773900000000039e-02
9.350000000000000000e+07 4.963380399999999665e-02 3.751527799999999913e-02
9.500000000000000000e+07 5.804140800000000266e-02 2.262991400000000097e-02
9.650000000000000000e+07 6.219596000000000152e-02 6.296168000000000424e-03
9.800000000000000000e+07 6.195472500000000216e-02 -1.043544700000000047e-02
9.950000000000000000e+07 5.739914899999999653e-02 -2.648354099999999933e-02
1.010000000000000000e+08 4.878634500000000179e-02 -4.084842600000000018e-02
1.025000000000000000e+08 3.653081100000000331e-02 -5.261591000000000184e-02
1.040000000000000000e+08 2.131957300000000138e-02 -6.079265100000000310e-02
1.055000000000000000e+08 4.116235000000000206e-03 -6.451871200000000584e-02
1.070000000000000000e+08 -1.380433699999999986e-02 -6.329663000000000650e-02
1.085000000000000000e+08 -3.100249100000000008e-02 -5.684680799999999867e-02
1.100000000000000000e+08 -4.585407300000000214e-02 -4.535476399999999880e-02
1.115000000000000000e+08 -5.672066600000000292e-02 -2.968231899999999868e-02
1.130000000000000000e+08 -6.238785699999999795e-02 -1.126966499999999989e-02
1.145000000000000000e+08 -6.210307000000000327e-02 8.078719999999999304e-03
1.160000000000000000e+08 -5.591524700000000125e-02 2.630142400000000033e-02
1.175000000000000000e+08 -4.451564300000000057e-02 4.157956599999999836e-02
1.190000000000000000e+08 -2.933739100000000086e-02 5.247855099999999828e-02
1.205000000000000000e+08 -1.199069900000000050e-02 5.822619700000000037e-02
1.220000000000000000e+08 5.791913000000000096e-03 5.864431300000000347e-02
1.235000000000000000e+08 2.255507099999999945e-02 5.403391600000000128e-02
1.250000000000000000e+08 3.697099100000000166e-02 4.523532000000000247e-02
1.265000000000000000e+08 4.821086299999999963e-02 3.309640199999999699e-02
1.280000000000000000e+08 5.558250800000000269e-02 1.863939300000000063e-02
1.295000000000000000e+08 5.885548799999999747e-02 2.978104000000000081e-03
1.310000000000000000e+08 5.789918399999999937e-02 -1.287105699999999998e-02
1.325000000000000000e+08 5.281509399999999993e-02 -2.787108500000000030e-02
1.340000000000000000e+08 4.395402500000000073e-02 -4.108975000000000127e-02
1.355000000000000000e+08 3.180478800000000050e-02 -5.158463399999999727e-02
1.370000000000000000e+08 1.702095099999999944e-02 -5.852120300000000080e-02
1.385000000000000000e+08 6.171040000000000466e-04 -6.116181899999999921e-02
1.400000000000000000e+08 -1.621276500000000051e-02 -5.906924599999999886e-02
1.415000000000000000e+08 -3.204360900000000068e-02 -5.214661699999999928e-02
1.430000000000000000e+08 -4.541366100000000100e-02 -4.061575199999999802e-02
1.445000000000000000e+08 -5.486999800000000316e-02 -2.540040699999999985e-02
1.460000000000000000e+08 -5.929326199999999936e-02 -7.819358999999999685e-03
1.475000000000000000e+08 -5.813876099999999714e-02 1.033157099999999946e-02
1.490000000000000000e+08 -5.149199000000000137e-02 2.720604800000000004e-02
1.505000000000000000e+08 -4.011866000000000043e-02 4.102487099999999748e-02
1.520000000000000000e+08 -2.530198300000000011e-02 5.066327699999999962e-02
1.535000000000000000e+08 -8.714674000000000378e-03 5.534173500000000301e-02
1.550000000000000000e+08 8.049314000000000122e-03 5.493667299999999837e-02
1.565000000000000000e+08 2.368676999999999935e-02 4.995166100000000137e-02
1.580000000000000000e+08 3.692428300000000219e-02 4.099822699999999820e-02
1.595000000000000000e+08 4.701719399999999827e-02 2.904022599999999885e-02
1.610000000000000000e+08 5.337944199999999917e-02 1.509870699999999941e-02
1.625000000000000000e+08 5.581954799999999661e-02 1.938630000000000106e-04
1.640000000000000000e+08 5.428000899999999712e-02 -1.472544500000000020e-02
1.655000000000000000e+08 4.889011000000000051e-02 -2.867353699999999894e-02
1.670000000000000000e+08 4.004440799999999662e-02 -4.076206300000000116e-02
1.685000000000000000e+08 2.818844599999999895e-02 -5.019213599999999831e-02
1.700000000000000000e+08 1.405947999999999920e-02 -5.613753099999999746e-02
1.715000000000000000e+08 -1.445780000000000025e-03 -5.807976699999999742e-02
1.730000000000000000e+08 -1.716662099999999996e-02 -5.553111399999999948e-02
1.745000000000000000e+08 -3.178973799999999794e-02 -4.848597500000000060e-02
1.760000000000000000e+08 -4.397513299999999958e-02 -3.725432199999999944e-02
1.775000000000000000e+08 -5.239820099999999842e-02 -2.266390199999999966e-02
1.790000000000000000e+08 -5.607407500000000100e-02 -5.990432000000000395e-03
1.805000000000000000e+08 -5.442702700000000282e-02 1.109268700000000038e-02
1.820000000000000000e+08 -4.764769900000000169e-02 2.684252499999999902e-02
1.835000000000000000e+08 -3.645124999999999754e-02 3.960036799999999690e-02
1.850000000000000000e+08 -2.209860400000000086e-02 4.822366299999999995e-02
1.865000000000000000e+08 -6.191303000000000431e-03 5.203899299999999867e-02
1.880000000000000000e+08 9.621024000000000589e-03 5.110865800000000125e-02
1.895000000000000000e+08 2.430229999999999890e-02 4.582842799999999744e-02
1.910000000000000000e+08 3.658221200000000284e-02 3.684863399999999817e-02
1.925000000000000000e+08 4.567773599999999656e-02 2.507977100000000070e-02
1.940000000000000000e+08 5.117138400000000031e-02 1.155524599999999992e-02
1.955000000000000000e+08 5.282101000000000157e-02 -2.652709000000000057e-03
1.970000000000000000e+08 5.075357099999999733e-02 -1.672863399999999917e-02
1.985000000000000000e+08 4.508978100000000239e-02 -2.966544000000000125e-02
2.000000000000000000e+08 3.625772800000000295e-02 -4.073811599999999783e-02
