5.000000000000000000e+07 8.602917100000000150e-02 -1.252346200000000083e-02
5.150000000000000000e+07 8.591692800000000352e-02 -1.298091000000000002e-02
5.300000000000000000e+07 8.584147599999999989e-02 -1.339411400000000037e-02
5.450000000000000000e+07 8.575894600000000256e-02 -1.379390800000000056e-02
5.600000000000000000e+07 8.565963000000000049e-02 -1.420507099999999967e-02
5.750000000000000000e+07 8.557163099999999523e-02 -1.462181400000000034e-02
5.900000000000000000e+07 8.549794500000000574e-02 -1.501426299999999991e-02
6.050000000000000000e+07 8.539646800000000315e-02 -1.538414299999999943e-02
6.200000000000000000e+07 8.530516900000000013e-02 -1.577092100000000024e-02
6.350000000000000000e+07 8.522203500000000154e-02 -1.618131600000000114e-02
6.500000000000000000e+07 8.509232799999999486e-02 -1.658567700000000006e-02
6.650000000000000000e+07 8.500238499999999975e-02 -1.696868400000000124e-02
6.800000000000000000e+07 8.490134000000000569e-02 -1.736455199999999838e-02
6.950000000000000000e+07 8.477916500000000355e-02 -1.775507399999999916e-02
7.100000000000000000e+07 8.468160700000000596e-02 -1.811002700000000076e-02
7.250000000000000000e+07 8.457978800000000297e-02 -1.851936200000000102e-02
7.400000000000000000e+07 8.445648799999999623e-02 -1.891091599999999984e-02
7.550000000000000000e+07 8.434418500000000207e-02 -1.931967000000000059e-02
7.700000000000000000e+07 8.421822599999999326e-02 -1.970491900000000129e-02
7.850000000000000000e+07 8.410184800000000682e-02 -2.010943899999999979e-02
8.000000000000000000e+07 8.399304000000000492e-02 -2.048413799999999896e-02
8.150000000000000000e+07 8.385455599999999676e-02 -2.086505199999999852e-02
8.300000000000000000e+07 8.370688499999999477e-02 -2.125662500000000121e-02
8.450000000000000000e+07 8.360357499999999942e-02 -2.165213399999999996e-02
8.600000000000000000e+07 8.348099100000000439e-02 -2.201637000000000038e-02
8.750000000000000000e+07 8.334594200000000619e-02 -2.240983900000000084e-02
8.900000000000000000e+07 8.324637999999999483e-02 -2.279417400000000038e-02
9.050000000000000000e+07 8.309239100000000156e-02 -2.317100299999999904e-02
9.200000000000000000e+07 8.297314399999999868e-02 -2.354819500000000093e-02
9.350000000000000000e+07 8.283240299999999889e-02 -2.392490699999999873e-02
9.500000000000000000e+07 8.269431400000000487e-02 -2.431418899999999994e-02
9.650000000000000000e+07 8.255889199999999484e-02 -2.467717599999999858e-02
9.800000000000000000e+07 8.240833100000000133e-02 -2.504349100000000106e-02
9.950000000000000000e+07 8.225677100000000630e-02 -2.543230700000000122e-02
1.010000000000000000e+08 8.210412400000000055e-02 -2.578691899999999843e-02
1.025000000000000000e+08 8.198536100000000659e-02 -2.615533000000000094e-02
1.040000000000000000e+08 8.183973999999999416e-02 -2.652452599999999966e-02
1.055000000000000000e+08 8.169037099999999774e-02 -2.690759100000000154e-02
1.070000000000000000e+08 8.152086199999999949e-02 -2.726000099999999898e-02
1.085000000000000000e+08 8.136709699999999934e-02 -2.765544799999999914e-02
1.100000000000000000e+08 8.119341700000000384e-02 -2.800527200000000119e-02
1.115000000000000000e+08 8.106452199999999997e-02 -2.836319600000000024e-02
1.130000000000000000e+08 8.089816499999999411e-02 -2.873337000000000113e-02
1.145000000000000000e+08 8.072537100000000410e-02 -2.909430799999999928e-02
1.160000000000000000e+08 8.057639699999999405e-02 -2.943552799999999900e-02
1.175000000000000000e+08 8.039535500000000168e-02 -2.980867900000000112e-02
1.190000000000000000e+08 8.024914499999999395e-02 -3.018484000000000098e-02
1.205000000000000000e+08 8.008128400000000258e-02 -3.053252299999999891e-02
1.220000000000000000e+08 7.986896400000000062e-02 -3.089871799999999863e-02
1.235000000000000000e+08 7.968424999999999814e-02 -3.123646700000000040e-02
1.250000000000000000e+08 7.952729599999999732e-02 -3.159364600000000300e-02
1.265000000000000000e+08 7.935615599999999714e-02 -3.194792099999999718e-02
1.280000000000000000e+08 7.917330399999999990e-02 -3.232330800000000198e-02
1.295000000000000000e+08 7.897493199999999769e-02 -3.266960700000000328e-02
1.310000000000000000e+08 7.881878999999999968e-02 -3.303372400000000042e-02
1.325000000000000000e+08 7.861015899999999890e-02 -3.333656399999999909e-02
1.340000000000000000e+08 7.844149300000000102e-02 -3.372110400000000174e-02
1.355000000000000000e+08 7.823797300000000232e-02 -3.405667799999999995e-02
1.370000000000000000e+08 7.805538900000000280e-02 -3.441463699999999792e-02
1.385000000000000000e+08 7.787235000000000684e-02 -3.476163300000000012e-02
1.400000000000000000e+08 7.767396399999999812e-02 -3.510837599999999670e-02
1.415000000000000000e+08 7.747368500000000047e-02 -3.542721199999999959e-02
1.430000000000000000e+08 7.727913499999999880e-02 -3.575738099999999781e-02
1.445000000000000000e+08 7.706496799999999758e-02 -3.609334599999999837e-02
1.460000000000000000e+08 7.687743700000000679e-02 -3.644879899999999701e-02
1.475000000000000000e+08 7.665547699999999964e-02 -3.680157199999999768e-02
1.490000000000000000e+08 7.646246199999999493e-02 -3.713614800000000077e-02
1.505000000000000000e+08 7.627227100000000259e-02 -3.748180699999999893e-02
1.520000000000000000e+08 7.605163700000000526e-02 -3.780250200000000171e-02
1.535000000000000000e+08 7.582498999999999489e-02 -3.811845099999999764e-02
1.550000000000000000e+08 7.563620000000000065e-02 -3.845491200000000082e-02
1.565000000000000000e+08 7.542323300000000619e-02 -3.880986499999999895e-02
1.580000000000000000e+08 7.521183700000000361e-02 -3.913192800000000332e-02
1.595000000000000000e+08 7.500524799999999659e-02 -3.948508900000000099e-02
1.610000000000000000e+08 7.477449599999999585e-02 -3.981089499999999892e-02
1.625000000000000000e+08 7.452277000000000207e-02 -4.014343000000000078e-02
1.640000000000000000e+08 7.431469100000000216e-02 -4.045350100000000282e-02
1.655000000000000000e+08 7.408139800000000663e-02 -4.078482399999999730e-02
1.670000000000000000e+08 7.387174600000000202e-02 -4.110674100000000220e-02
1.685000000000000000e+08 7.363545100000000454e-02 -4.143518499999999938e-02
1.700000000000000000e+08 7.341340899999999892e-02 -4.177759200000000228e-02
1.715000000000000000e+08 7.317465500000000511e-02 -4.206187599999999804e-02
1.730000000000000000e+08 7.293468699999999805e-02 -4.238429600000000186e-02
1.745000000000000000e+08 7.272798499999999500e-02 -4.272589799999999827e-02
1.760000000000000000e+08 7.246402600000000083e-02 -4.302700599999999959e-02
1.775000000000000000e+08 7.221665200000000617e-02 -4.333967999999999848e-02
1.790000000000000000e+08 7.199878199999999728e-02 -4.365276900000000099e-02
1.805000000000000000e+08 7.176457299999999817e-02 -4.394888500000000003e-02
1.820000000000000000e+08 7.147943199999999553e-02 -4.426315399999999900e-02
1.835000000000000000e+08 7.126261999999999874e-02 -4.458204999999999807e-02
1.850000000000000000e+08 7.101476900000000536e-02 -4.489818200000000176e-02
1.865000000000000000e+08 7.079327800000000115e-02 -4.518936199999999681e-02
1.880000000000000000e+08 7.053494400000000220e-02 -4.550120600000000237e-02
1.895000000000000000e+08 7.027110400000000090e-02 -4.576844299999999893e-02
1.910000000000000000e+08 7.002518300000000473e-02 -4.607532100000000241e-02
1.925000000000000000e+08 6.977030600000000415e-02 -4.637769900000000139e-02
1.940000000000000000e+08 6.950471499999999470e-02 -4.666456499999999813e-02
1.955000000000000000e+08 6.925778000000000489e-02 -4.695412499999999933e-02
1.970000000000000000e+08 6.902722999999999498e-02 -4.726658000000000248e-02
1.985000000000000000e+08 6.877052000000000165e-02 -4.755267099999999775e-02
2.000000000000000000e+08 6.847491099999999942e-02 -4.782465400000000116e-02
