5.000000000000000000e+07 8.608429099999999334e-02 -1.260866499999999980e-02
5.150000000000000000e+07 8.599288700000000396e-02 -1.303375099999999967e-02
5.300000000000000000e+07 8.590187100000000464e-02 -1.344288899999999953e-02
5.450000000000000000e+07 8.582092800000000465e-02 -1.384009700000000086e-02
5.600000000000000000e+07 8.573835999999999957e-02 -1.424328100000000000e-02
5.750000000000000000e+07 8.562580399999999980e-02 -1.464737399999999946e-02
5.900000000000000000e+07 8.555289300000000485e-02 -1.507211500000000051e-02
6.050000000000000000e+07 8.545385299999999629e-02 -1.542282700000000006e-02
6.200000000000000000e+07 8.534581900000000332e-02 -1.583873800000000151e-02
6.350000000000000000e+07 8.526787099999999509e-02 -1.621092199999999914e-02
6.500000000000000000e+07 8.514754400000000556e-02 -1.659808600000000148e-02
6.650000000000000000e+07 8.504989699999999930e-02 -1.699863000000000068e-02
6.800000000000000000e+07 8.495961100000000432e-02 -1.740670899999999938e-02
6.950000000000000000e+07 8.485029600000000560e-02 -1.776614500000000055e-02
7.100000000000000000e+07 8.476715499999999681e-02 -1.817075699999999919e-02
7.250000000000000000e+07 8.461219799999999958e-02 -1.857320399999999941e-02
7.400000000000000000e+07 8.452288800000000435e-02 -1.896431399999999948e-02
7.550000000000000000e+07 8.440912500000000152e-02 -1.936738899999999874e-02
7.700000000000000000e+07 8.428802300000000358e-02 -1.973676599999999934e-02
7.850000000000000000e+07 8.415242200000000450e-02 -2.013969900000000049e-02
8.000000000000000000e+07 8.403552999999999717e-02 -2.052895500000000151e-02
8.150000000000000000e+07 8.390156899999999529e-02 -2.091391299999999925e-02
8.300000000000000000e+07 8.380993400000000260e-02 -2.129767999999999939e-02
8.450000000000000000e+07 8.368045000000000344e-02 -2.165871999999999936e-02
8.600000000000000000e+07 8.355872300000000141e-02 -2.205642999999999840e-02
8.750000000000000000e+07 8.342922399999999628e-02 -2.243096099999999926e-02
8.900000000000000000e+07 8.328857200000000516e-02 -2.281073999999999949e-02
9.050000000000000000e+07 8.314575200000000332e-02 -2.319910899999999901e-02
9.200000000000000000e+07 8.304090699999999714e-02 -2.357905899999999944e-02
9.350000000000000000e+07 8.286457499999999587e-02 -2.395858899999999889e-02
9.500000000000000000e+07 8.275096799999999420e-02 -2.432245200000000135e-02
9.650000000000000000e+07 8.260103300000000426e-02 -2.469628999999999922e-02
9.800000000000000000e+07 8.246122300000000016e-02 -2.507302499999999879e-02
9.950000000000000000e+07 8.231134700000000692e-02 -2.542837300000000064e-02
1.010000000000000000e+08 8.219878299999999749e-02 -2.578647599999999915e-02
1.025000000000000000e+08 8.204305100000000572e-02 -2.616732299999999928e-02
1.040000000000000000e+08 8.189957500000000223e-02 -2.653914799999999852e-02
1.055000000000000000e+08 8.173968600000000584e-02 -2.692061600000000138e-02
1.070000000000000000e+08 8.157065500000000580e-02 -2.729562599999999992e-02
1.085000000000000000e+08 8.142197099999999577e-02 -2.765039099999999986e-02
1.100000000000000000e+08 8.127073099999999883e-02 -2.801454800000000023e-02
1.115000000000000000e+08 8.111666100000000657e-02 -2.839617800000000108e-02
1.130000000000000000e+08 8.094264499999999363e-02 -2.873995099999999969e-02
1.145000000000000000e+08 8.078096799999999467e-02 -2.910543700000000136e-02
1.160000000000000000e+08 8.062990000000000435e-02 -2.946280100000000027e-02
1.175000000000000000e+08 8.046264899999999720e-02 -2.982189099999999968e-02
1.190000000000000000e+08 8.028048999999999602e-02 -3.018838299999999919e-02
1.205000000000000000e+08 8.011960199999999810e-02 -3.054739500000000149e-02
1.220000000000000000e+08 7.993721900000000380e-02 -3.090710699999999964e-02
1.235000000000000000e+08 7.977232300000000609e-02 -3.124945000000000153e-02
1.250000000000000000e+08 7.954858900000000288e-02 -3.161850100000000025e-02
1.265000000000000000e+08 7.939862400000000098e-02 -3.195991299999999952e-02
1.280000000000000000e+08 7.925148299999999757e-02 -3.231685200000000008e-02
1.295000000000000000e+08 7.904533199999999593e-02 -3.268455700000000297e-02
1.310000000000000000e+08 7.884999299999999323e-02 -3.300205900000000026e-02
1.325000000000000000e+08 7.867412199999999911e-02 -3.336888500000000091e-02
1.340000000000000000e+08 7.849977099999999597e-02 -3.371993400000000002e-02
1.355000000000000000e+08 7.831917700000000371e-02 -3.407578099999999943e-02
1.370000000000000000e+08 7.811889700000000658e-02 -3.440177400000000302e-02
1.385000000000000000e+08 7.789559599999999751e-02 -3.475845200000000218e-02
1.400000000000000000e+08 7.771345200000000231e-02 -3.509002499999999691e-02
1.415000000000000000e+08 7.751622699999999311e-02 -3.542328599999999827e-02
1.430000000000000000e+08 7.732316100000000136e-02 -3.577596999999999722e-02
1.445000000000000000e+08 7.714745400000000419e-02 -3.611508699999999711e-02
1.460000000000000000e+08 7.693360000000000476e-02 -3.644314399999999676e-02
1.475000000000000000e+08 7.673622600000000460e-02 -3.679812300000000203e-02
1.490000000000000000e+08 7.652943500000000676e-02 -3.713087699999999963e-02
1.505000000000000000e+08 7.631234800000000207e-02 -3.752088499999999688e-02
1.520000000000000000e+08 7.610880500000000159e-02 -3.779585600000000267e-02
1.535000000000000000e+08 7.589620299999999542e-02 -3.812249000000000193e-02
1.550000000000000000e+08 7.568603699999999768e-02 -3.847831399999999957e-02
1.565000000000000000e+08 7.548452099999999887e-02 -3.881235400000000030e-02
1.580000000000000000e+08 7.526557100000000333e-02 -3.912293499999999757e-02
1.595000000000000000e+08 7.504272400000000509e-02 -3.948371800000000098e-02
1.610000000000000000e+08 7.482702200000000692e-02 -3.980380199999999924e-02
1.625000000000000000e+08 7.458081799999999317e-02 -4.012207300000000115e-02
1.640000000000000000e+08 7.435677200000000153e-02 -4.046650599999999931e-02
1.655000000000000000e+08 7.413452800000000509e-02 -4.076735299999999923e-02
1.670000000000000000e+08 7.390771799999999725e-02 -4.110005399999999698e-02
1.685000000000000000e+08 7.370433899999999372e-02 -4.140851999999999727e-02
1.700000000000000000e+08 7.346504099999999482e-02 -4.171786400000000034e-02
1.715000000000000000e+08 7.321987300000000476e-02 -4.207562599999999792e-02
1.730000000000000000e+08 7.299173600000000151e-02 -4.239615000000000050e-02
1.745000000000000000e+08 7.272951299999999564e-02 -4.268932300000000124e-02
1.760000000000000000e+08 7.252036000000000593e-02 -4.299291899999999750e-02
1.775000000000000000e+08 7.227479600000000226e-02 -4.334687799999999841e-02
1.790000000000000000e+08 7.202297400000000349e-02 -4.366748000000000157e-02
1.805000000000000000e+08 7.177588299999999866e-02 -4.394624700000000078e-02
1.820000000000000000e+08 7.156347400000000192e-02 -4.424351399999999768e-02
1.835000000000000000e+08 7.131005799999999561e-02 -4.457980699999999907e-02
1.850000000000000000e+08 7.108072899999999528e-02 -4.489040300000000233e-02
1.865000000000000000e+08 7.082035300000000255e-02 -4.519569500000000101e-02
1.880000000000000000e+08 7.054418299999999642e-02 -4.547960999999999671e-02
1.895000000000000000e+08 7.034084899999999696e-02 -4.578961000000000142e-02
1.910000000000000000e+08 7.007957900000000295e-02 -4.610522000000000231e-02
1.925000000000000000e+08 6.982547000000000059e-02 -4.637953599999999899e-02
1.940000000000000000e+08 6.956875299999999707e-02 -4.669245699999999971e-02
1.955000000000000000e+08 6.932083499999999732e-02 -4.697769100000000198e-02
1.970000000000000000e+08 6.905650300000000519e-02 -4.724172799999999672e-02
1.985000000000000000e+08 6.878931800000000207e-02 -4.756050500000000292e-02
2.000000000000000000e+08 6.854534099999999575e-02 -4.785205700000000340e-02
