5.000000000000000000e+07 -9.268049100000000373e-02 1.229804299999999982e-02
5.150000000000000000e+07 -9.262873200000000529e-02 1.262786999999999937e-02
5.300000000000000000e+07 -9.255549300000000257e-02 1.301700499999999990e-02
5.450000000000000000e+07 -9.246962499999999974e-02 1.342318800000000083e-02
5.600000000000000000e+07 -9.238520999999999539e-02 1.381249000000000018e-02
5.750000000000000000e+07 -9.231362399999999691e-02 1.418351800000000086e-02
5.900000000000000000e+07 -9.223019300000000198e-02 1.459632899999999990e-02
6.050000000000000000e+07 -9.214167199999999391e-02 1.499441500000000052e-02
6.200000000000000000e+07 -9.205161000000000593e-02 1.536815199999999951e-02
6.350000000000000000e+07 -9.195208500000000285e-02 1.575775399999999882e-02
6.500000000000000000e+07 -9.188030599999999493e-02 1.614832500000000157e-02
6.650000000000000000e+07 -9.178087099999999998e-02 1.654034399999999849e-02
6.800000000000000000e+07 -9.168419199999999769e-02 1.690464599999999887e-02
6.950000000000000000e+07 -9.159299699999999544e-02 1.729120099999999910e-02
7.100000000000000000e+07 -9.148263099999999481e-02 1.767573999999999881e-02
7.250000000000000000e+07 -9.137753299999999690e-02 1.804930999999999897e-02
7.400000000000000000e+07 -9.126946299999999512e-02 1.844965399999999936e-02
7.550000000000000000e+07 -9.118234299999999903e-02 1.883724999999999983e-02
7.700000000000000000e+07 -9.103216899999999612e-02 1.920103999999999908e-02
7.850000000000000000e+07 -9.092368900000000198e-02 1.960728600000000155e-02
8.000000000000000000e+07 -9.082951300000000061e-02 1.999839299999999973e-02
8.150000000000000000e+07 -9.070409000000000110e-02 2.035648699999999950e-02
8.300000000000000000e+07 -9.060057200000000421e-02 2.074397299999999889e-02
8.450000000000000000e+07 -9.048971499999999835e-02 2.109576300000000001e-02
8.600000000000000000e+07 -9.037086299999999572e-02 2.149434199999999962e-02
8.750000000000000000e+07 -9.025405999999999707e-02 2.186239099999999838e-02
8.900000000000000000e+07 -9.012585100000000682e-02 2.224587399999999882e-02
9.050000000000000000e+07 -9.000909999999999467e-02 2.260528100000000137e-02
9.200000000000000000e+07 -8.988440000000000318e-02 2.294755899999999932e-02
9.350000000000000000e+07 -8.976012399999999669e-02 2.332134699999999922e-02
9.500000000000000000e+07 -8.963226500000000263e-02 2.370135599999999981e-02
9.650000000000000000e+07 -8.949114299999999522e-02 2.409211699999999970e-02
9.800000000000000000e+07 -8.937953399999999660e-02 2.444648099999999907e-02
9.950000000000000000e+07 -8.926566599999999352e-02 2.479373199999999888e-02
1.010000000000000000e+08 -8.909915300000000038e-02 2.520360599999999993e-02
1.025000000000000000e+08 -8.898378099999999791e-02 2.553225799999999865e-02
1.040000000000000000e+08 -8.884549099999999866e-02 2.589701399999999945e-02
1.055000000000000000e+08 -8.870876499999999498e-02 2.626760399999999995e-02
1.070000000000000000e+08 -8.856028300000000353e-02 2.663072000000000009e-02
1.085000000000000000e+08 -8.841931799999999675e-02 2.698992500000000141e-02
1.100000000000000000e+08 -8.828584100000000379e-02 2.734438499999999883e-02
1.115000000000000000e+08 -8.812578000000000078e-02 2.770184300000000030e-02
1.130000000000000000e+08 -8.799856899999999871e-02 2.806459500000000121e-02
1.145000000000000000e+08 -8.783067699999999589e-02 2.842563199999999929e-02
1.160000000000000000e+08 -8.768098000000000558e-02 2.879088299999999975e-02
1.175000000000000000e+08 -8.751699999999999757e-02 2.915273200000000065e-02
1.190000000000000000e+08 -8.737377799999999917e-02 2.947704400000000086e-02
1.205000000000000000e+08 -8.723395300000000296e-02 2.987908900000000104e-02
1.220000000000000000e+08 -8.707218599999999586e-02 3.020233400000000082e-02
1.235000000000000000e+08 -8.689836400000000571e-02 3.055270300000000050e-02
1.250000000000000000e+08 -8.672646400000000311e-02 3.088263000000000119e-02
1.265000000000000000e+08 -8.657208800000000537e-02 3.124588099999999966e-02
1.280000000000000000e+08 -8.642353099999999788e-02 3.158900099999999850e-02
1.295000000000000000e+08 -8.622241699999999565e-02 3.194218800000000330e-02
1.310000000000000000e+08 -8.605197800000000119e-02 3.231189699999999915e-02
1.325000000000000000e+08 -8.589079900000000378e-02 3.267448700000000206e-02
1.340000000000000000e+08 -8.571943599999999608e-02 3.299927700000000047e-02
1.355000000000000000e+08 -8.555041900000000255e-02 3.332961999999999730e-02
1.370000000000000000e+08 -8.536973500000000215e-02 3.369246699999999678e-02
1.385000000000000000e+08 -8.516068000000000249e-02 3.402595900000000145e-02
1.400000000000000000e+08 -8.499819000000000124e-02 3.439500100000000143e-02
1.415000000000000000e+08 -8.482926300000000197e-02 3.471160599999999902e-02
1.430000000000000000e+08 -8.464568799999999671e-02 3.504852199999999862e-02
1.445000000000000000e+08 -8.445194300000000154e-02 3.537806799999999863e-02
1.460000000000000000e+08 -8.425883900000000204e-02 3.571022299999999927e-02
1.475000000000000000e+08 -8.407944400000000318e-02 3.606389799999999701e-02
1.490000000000000000e+08 -8.386586599999999725e-02 3.641649300000000117e-02
1.505000000000000000e+08 -8.369953900000000335e-02 3.671647599999999789e-02
1.520000000000000000e+08 -8.349292699999999456e-02 3.705068300000000092e-02
1.535000000000000000e+08 -8.330120100000000527e-02 3.739905699999999944e-02
1.550000000000000000e+08 -8.310647300000000015e-02 3.774399300000000346e-02
1.565000000000000000e+08 -8.288779100000000233e-02 3.805308699999999933e-02
1.580000000000000000e+08 -8.267220799999999703e-02 3.837877099999999903e-02
1.595000000000000000e+08 -8.249817700000000587e-02 3.867603800000000286e-02
1.610000000000000000e+08 -8.228629799999999384e-02 3.903483900000000173e-02
1.625000000000000000e+08 -8.208738200000000040e-02 3.935868199999999900e-02
1.640000000000000000e+08 -8.188917399999999513e-02 3.967721300000000284e-02
1.655000000000000000e+08 -8.170527199999999546e-02 4.000129499999999921e-02
1.670000000000000000e+08 -8.147510800000000442e-02 4.032811099999999982e-02
1.685000000000000000e+08 -8.124861099999999836e-02 4.064285699999999751e-02
1.700000000000000000e+08 -8.105199000000000431e-02 4.095953699999999725e-02
1.715000000000000000e+08 -8.081460699999999664e-02 4.129186199999999862e-02
1.730000000000000000e+08 -8.060482800000000336e-02 4.159537299999999799e-02
1.745000000000000000e+08 -8.042394299999999774e-02 4.191368000000000177e-02
1.760000000000000000e+08 -8.019318400000000069e-02 4.221215400000000173e-02
1.775000000000000000e+08 -7.994969899999999907e-02 4.253763299999999831e-02
1.790000000000000000e+08 -7.974603700000000572e-02 4.286191200000000201e-02
1.805000000000000000e+08 -7.950937700000000607e-02 4.315592699999999671e-02
1.820000000000000000e+08 -7.930091000000000223e-02 4.347301600000000321e-02
1.835000000000000000e+08 -7.904767899999999570e-02 4.375745300000000171e-02
1.850000000000000000e+08 -7.886967000000000283e-02 4.409539299999999662e-02
1.865000000000000000e+08 -7.860930200000000589e-02 4.437429400000000163e-02
1.880000000000000000e+08 -7.840588599999999408e-02 4.469659100000000079e-02
1.895000000000000000e+08 -7.813953599999999555e-02 4.496075199999999966e-02
1.910000000000000000e+08 -7.793098599999999376e-02 4.529391199999999867e-02
1.925000000000000000e+08 -7.768645100000000359e-02 4.560001500000000069e-02
1.940000000000000000e+08 -7.746762699999999724e-02 4.589142999999999695e-02
1.955000000000000000e+08 -7.723373899999999570e-02 4.617404499999999690e-02
1.970000000000000000e+08 -7.701242699999999441e-02 4.646470700000000092e-02
1.985000000000000000e+08 -7.674246199999999740e-02 4.676679499999999989e-02
2.000000000000000000e+08 -7.652956199999999543e-02 4.705277800000000343e-02
